0.1 0.1 0 0.3804931640625 0.2853 0.7147 True
0.1 0.2 0 0.4156494140625 0.3521 0.6479 True
0.1 0.3 0 0.4515380859375 0.4189 0.5811 True
0.1 0.4 0 0.4608154296875 0.4857 0.5143 True
0.1 0.5 0 0.5159912109375 0.5525 0.4475 True
0.1 0.6 0 0.577392578125 0.6193 0.3807 True
0.1 0.7 0 0.6495361328125 0.6861 0.3139 True
0.1 0.8 0 0.5382080078125 0.7529 0.2471 True
0.1 0.9 0 0.61328125 0.8197 0.1803 True
0.1 1.0 0 0.6051025390625 0.8864 0.1136 True
0.2 0.1 0 0.507080078125 0.3521 0.6479 FALSE
0.2 0.2 0 0.385986328125 0.4022 0.5978 True
0.2 0.3 0 0.447265625 0.4523 0.5477 True
0.2 0.4 0 0.4671630859375 0.5024 0.4976 FALSE
0.2 0.5 0 0.51416015625 0.5525 0.4475 True
0.2 0.6 0 0.544677734375 0.6026 0.3974 True
0.2 0.7 0 0.5645751953125 0.6527 0.3473 True
0.2 0.8 0 0.54296875 0.7028 0.2972 True
0.2 0.9 0 0.6038818359375 0.7529 0.2471 True
0.2 1.0 0 0.6375732421875 0.8030 0.1970 True
0.3 0.1 0 0.41162109375 0.4189 0.5811 True
0.3 0.2 0 0.4620361328125 0.4523 0.5477 True
0.3 0.3 0 0.436767578125 0.4857 0.5143 True
0.3 0.4 0 0.4896240234375 0.5191 0.4809 FALSE
0.3 0.5 0 0.482177734375 0.5525 0.4475 FALSE
0.3 0.6 0 0.5318603515625 0.5859 0.4141 True
0.3 0.7 0 0.5606689453125 0.6193 0.3807 True
0.3 0.8 0 0.57568359375 0.6527 0.3473 True
0.3 0.9 0 0.553466796875 0.6861 0.3139 True
0.3 1.0 0 0.501708984375 0.7195 0.2805 True
0.4 0.1 0 0.5142822265625 0.4857 0.5143 FALSE
0.4 0.2 0 0.5096435546875 0.5024 0.4976 True
0.4 0.3 0 0.4822998046875 0.5191 0.4809 FALSE
0.4 0.4 0 0.5294189453125 0.5358 0.4642 True
0.4 0.5 0 0.518798828125 0.5525 0.4475 True
0.4 0.6 0 0.5009765625 0.5692 0.4308 True
0.4 0.7 0 0.518798828125 0.5859 0.4141 True
0.4 0.8 0 0.4893798828125 0.6026 0.3974 FALSE
0.4 0.9 0 0.503173828125 0.6193 0.3807 True
0.4 1.0 0 0.5386962890625 0.6360 0.3640 True
0.5 0.1 0 0.521484375 0.5525 0.4475 True
0.5 0.2 0 0.5404052734375 0.5525 0.4475 True
0.5 0.3 0 0.464111328125 0.5525 0.4475 FALSE
0.5 0.4 0 0.5047607421875 0.5525 0.4475 True
0.5 0.5 0 0.4832763671875 0.5525 0.4475 FALSE
0.5 0.6 0 0.438720703125 0.5525 0.4475 FALSE
0.5 0.7 0 0.5242919921875 0.5525 0.4475 True
0.5 0.8 0 0.5240478515625 0.5525 0.4475 True
0.5 0.9 0 0.5081787109375 0.5525 0.4475 True
0.5 1.0 0 0.5240478515625 0.5525 0.4475 True
0.6 0.1 0 0.540283203125 0.6193 0.3807 True
0.6 0.2 0 0.525634765625 0.6026 0.3974 True
0.6 0.3 0 0.5064697265625 0.5859 0.4141 True
0.6 0.4 0 0.51123046875 0.5692 0.4308 True
0.6 0.5 0 0.4761962890625 0.5525 0.4475 FALSE
0.6 0.6 0 0.5283203125 0.5358 0.4642 True
0.6 0.7 0 0.5106201171875 0.5191 0.4809 True
0.6 0.8 0 0.474609375 0.5024 0.4976 FALSE
0.6 0.9 0 0.5184326171875 0.4857 0.5143 FALSE
0.6 1.0 0 0.469970703125 0.4690 0.5310 True
0.7 0.1 0 0.5211181640625 0.6861 0.3139 True
0.7 0.2 0 0.4815673828125 0.6527 0.3473 FALSE
0.7 0.3 0 0.5059814453125 0.6193 0.3807 True
0.7 0.4 0 0.4874267578125 0.5859 0.4141 FALSE
0.7 0.5 0 0.562744140625 0.5525 0.4475 True
0.7 0.6 0 0.551513671875 0.5191 0.4809 True
0.7 0.7 0 0.458984375 0.4857 0.5143 True
0.7 0.8 0 0.4493408203125 0.4523 0.5477 True
0.7 0.9 0 0.4189453125 0.4189 0.5811 True
0.7 1.0 0 0.428466796875 0.3855 0.6145 True
0.8 0.1 0 0.607421875 0.7529 0.2471 True
0.8 0.2 0 0.561767578125 0.7028 0.2972 True
0.8 0.3 0 0.588623046875 0.6527 0.3473 True
0.8 0.4 0 0.4669189453125 0.6026 0.3974 FALSE
0.8 0.5 0 0.54638671875 0.5525 0.4475 True
0.8 0.6 0 0.4921875 0.5024 0.4976 FALSE
0.8 0.7 0 0.46044921875 0.4523 0.5477 True
0.8 0.8 0 0.44482421875 0.4022 0.5978 True
0.8 0.9 0 0.4117431640625 0.3521 0.6479 True
0.8 1.0 0 0.380859375 0.3020 0.6980 True
0.9 0.1 0 0.585693359375 0.8197 0.1803 True
0.9 0.2 0 0.58154296875 0.7529 0.2471 True
0.9 0.3 0 0.5823974609375 0.6861 0.3139 True
0.9 0.4 0 0.5286865234375 0.6193 0.3807 True
0.9 0.5 0 0.5169677734375 0.5525 0.4475 True
0.9 0.6 0 0.446533203125 0.4857 0.5143 True
0.9 0.7 0 0.4354248046875 0.4189 0.5811 True
0.9 0.8 0 0.4317626953125 0.3521 0.6479 True
0.9 0.9 0 0.364501953125 0.2853 0.7147 True
0.9 1.0 0 0.299560546875 0.2186 0.7814 True
1.0 0.1 0 0.6776123046875 0.8864 0.1136 True
1.0 0.2 0 0.637939453125 0.8030 0.1970 True
1.0 0.3 0 0.5946044921875 0.7195 0.2805 True
1.0 0.4 0 0.5465087890625 0.6360 0.3640 True
1.0 0.5 0 0.45751953125 0.5525 0.4475 FALSE
1.0 0.6 0 0.4400634765625 0.4690 0.5310 True
1.0 0.7 0 0.4249267578125 0.3855 0.6145 True
1.0 0.8 0 0.350341796875 0.3020 0.6980 True
1.0 0.9 0 0.3096923828125 0.2186 0.7814 True
1.0 1.0 0 0.26025390625 0.1351 0.8649 True
