0.1 0.1 0 0.4010009765625 0.2853 0.7147 True
0.1 0.2 0 0.4176025390625 0.3521 0.6479 True
0.1 0.3 0 0.4434814453125 0.4189 0.5811 True
0.1 0.4 0 0.52783203125 0.4857 0.5143 FALSE
0.1 0.5 0 0.5277099609375 0.5525 0.4475 True
0.1 0.6 0 0.580810546875 0.6193 0.3807 True
0.1 0.7 0 0.5595703125 0.6861 0.3139 True
0.1 0.8 0 0.669921875 0.7529 0.2471 True
0.1 0.9 0 0.685302734375 0.8197 0.1803 True
0.1 1.0 0 0.6497802734375 0.8864 0.1136 True
0.2 0.1 0 0.3720703125 0.3521 0.6479 True
0.2 0.2 0 0.4110107421875 0.4022 0.5978 True
0.2 0.3 0 0.5020751953125 0.4523 0.5477 FALSE
0.2 0.4 0 0.4925537109375 0.5024 0.4976 FALSE
0.2 0.5 0 0.51171875 0.5525 0.4475 True
0.2 0.6 0 0.5296630859375 0.6026 0.3974 True
0.2 0.7 0 0.555419921875 0.6527 0.3473 True
0.2 0.8 0 0.6527099609375 0.7028 0.2972 True
0.2 0.9 0 0.6268310546875 0.7529 0.2471 True
0.2 1.0 0 0.574951171875 0.8030 0.1970 True
0.3 0.1 0 0.450927734375 0.4189 0.5811 True
0.3 0.2 0 0.4114990234375 0.4523 0.5477 True
0.3 0.3 0 0.48876953125 0.4857 0.5143 True
0.3 0.4 0 0.5406494140625 0.5191 0.4809 True
0.3 0.5 0 0.53076171875 0.5525 0.4475 True
0.3 0.6 0 0.5198974609375 0.5859 0.4141 True
0.3 0.7 0 0.5338134765625 0.6193 0.3807 True
0.3 0.8 0 0.5584716796875 0.6527 0.3473 True
0.3 0.9 0 0.574951171875 0.6861 0.3139 True
0.3 1.0 0 0.5098876953125 0.7195 0.2805 True
0.4 0.1 0 0.496826171875 0.4857 0.5143 True
0.4 0.2 0 0.4248046875 0.5024 0.4976 FALSE
0.4 0.3 0 0.4864501953125 0.5191 0.4809 FALSE
0.4 0.4 0 0.5240478515625 0.5358 0.4642 True
0.4 0.5 0 0.5172119140625 0.5525 0.4475 True
0.4 0.6 0 0.486572265625 0.5692 0.4308 FALSE
0.4 0.7 0 0.51220703125 0.5859 0.4141 True
0.4 0.8 0 0.5645751953125 0.6026 0.3974 True
0.4 0.9 0 0.580322265625 0.6193 0.3807 True
0.4 1.0 0 0.4830322265625 0.6360 0.3640 FALSE
0.5 0.1 0 0.4619140625 0.5525 0.4475 FALSE
0.5 0.2 0 0.591796875 0.5525 0.4475 True
0.5 0.3 0 0.4532470703125 0.5525 0.4475 FALSE
0.5 0.4 0 0.500244140625 0.5525 0.4475 True
0.5 0.5 0 0.5460205078125 0.5525 0.4475 True
0.5 0.6 0 0.5140380859375 0.5525 0.4475 True
0.5 0.7 0 0.5694580078125 0.5525 0.4475 True
0.5 0.8 0 0.5245361328125 0.5525 0.4475 True
0.5 0.9 0 0.50146484375 0.5525 0.4475 True
0.5 1.0 0 0.4891357421875 0.5525 0.4475 FALSE
0.6 0.1 0 0.53369140625 0.6193 0.3807 True
0.6 0.2 0 0.6099853515625 0.6026 0.3974 True
0.6 0.3 0 0.52490234375 0.5859 0.4141 True
0.6 0.4 0 0.4593505859375 0.5692 0.4308 FALSE
0.6 0.5 0 0.513427734375 0.5525 0.4475 True
0.6 0.6 0 0.481689453125 0.5358 0.4642 FALSE
0.6 0.7 0 0.5091552734375 0.5191 0.4809 True
0.6 0.8 0 0.445068359375 0.5024 0.4976 FALSE
0.6 0.9 0 0.462646484375 0.4857 0.5143 True
0.6 1.0 0 0.4976806640625 0.4690 0.5310 True
0.7 0.1 0 0.5791015625 0.6861 0.3139 True
0.7 0.2 0 0.5682373046875 0.6527 0.3473 True
0.7 0.3 0 0.544189453125 0.6193 0.3807 True
0.7 0.4 0 0.546630859375 0.5859 0.4141 True
0.7 0.5 0 0.5196533203125 0.5525 0.4475 True
0.7 0.6 0 0.4420166015625 0.5191 0.4809 FALSE
0.7 0.7 0 0.5020751953125 0.4857 0.5143 FALSE
0.7 0.8 0 0.5032958984375 0.4523 0.5477 FALSE
0.7 0.9 0 0.490966796875 0.4189 0.5811 True
0.7 1.0 0 0.4521484375 0.3855 0.6145 True
0.8 0.1 0 0.5745849609375 0.7529 0.2471 True
0.8 0.2 0 0.5255126953125 0.7028 0.2972 True
0.8 0.3 0 0.502197265625 0.6527 0.3473 True
0.8 0.4 0 0.5142822265625 0.6026 0.3974 True
0.8 0.5 0 0.453125 0.5525 0.4475 FALSE
0.8 0.6 0 0.5025634765625 0.5024 0.4976 True
0.8 0.7 0 0.4549560546875 0.4523 0.5477 True
0.8 0.8 0 0.43408203125 0.4022 0.5978 True
0.8 0.9 0 0.41455078125 0.3521 0.6479 True
0.8 1.0 0 0.4466552734375 0.3020 0.6980 True
0.9 0.1 0 0.639404296875 0.8197 0.1803 True
0.9 0.2 0 0.596923828125 0.7529 0.2471 True
0.9 0.3 0 0.5001220703125 0.6861 0.3139 True
0.9 0.4 0 0.5567626953125 0.6193 0.3807 True
0.9 0.5 0 0.4544677734375 0.5525 0.4475 FALSE
0.9 0.6 0 0.4354248046875 0.4857 0.5143 True
0.9 0.7 0 0.435546875 0.4189 0.5811 True
0.9 0.8 0 0.415283203125 0.3521 0.6479 True
0.9 0.9 0 0.35498046875 0.2853 0.7147 True
0.9 1.0 0 0.35009765625 0.2186 0.7814 True
1.0 0.1 0 0.6298828125 0.8864 0.1136 True
1.0 0.2 0 0.57958984375 0.8030 0.1970 True
1.0 0.3 0 0.539306640625 0.7195 0.2805 True
1.0 0.4 0 0.5333251953125 0.6360 0.3640 True
1.0 0.5 0 0.509033203125 0.5525 0.4475 True
1.0 0.6 0 0.44091796875 0.4690 0.5310 True
1.0 0.7 0 0.378173828125 0.3855 0.6145 True
1.0 0.8 0 0.4373779296875 0.3020 0.6980 True
1.0 0.9 0 0.4019775390625 0.2186 0.7814 True
1.0 1.0 0 0.4127197265625 0.1351 0.8649 True
