0.1 0.1 0 0.5308837890625 0.2853 0.7147 FALSE
0.1 0.2 0 0.39599609375 0.3521 0.6479 True
0.1 0.3 0 0.395263671875 0.4189 0.5811 True
0.1 0.4 0 0.60693359375 0.4857 0.5143 FALSE
0.1 0.5 0 0.523681640625 0.5525 0.4475 True
0.1 0.6 0 0.5538330078125 0.6193 0.3807 True
0.1 0.7 0 0.5323486328125 0.6861 0.3139 True
0.1 0.8 0 0.6143798828125 0.7529 0.2471 True
0.1 0.9 0 0.65234375 0.8197 0.1803 True
0.1 1.0 0 0.6016845703125 0.8864 0.1136 True
0.2 0.1 0 0.43310546875 0.3521 0.6479 True
0.2 0.2 0 0.527587890625 0.4022 0.5978 FALSE
0.2 0.3 0 0.4786376953125 0.4523 0.5477 True
0.2 0.4 0 0.438720703125 0.5024 0.4976 FALSE
0.2 0.5 0 0.494873046875 0.5525 0.4475 FALSE
0.2 0.6 0 0.5509033203125 0.6026 0.3974 True
0.2 0.7 0 0.5712890625 0.6527 0.3473 True
0.2 0.8 0 0.5428466796875 0.7028 0.2972 True
0.2 0.9 0 0.612060546875 0.7529 0.2471 True
0.2 1.0 0 0.6416015625 0.8030 0.1970 True
0.3 0.1 0 0.448486328125 0.4189 0.5811 True
0.3 0.2 0 0.4521484375 0.4523 0.5477 True
0.3 0.3 0 0.4849853515625 0.4857 0.5143 True
0.3 0.4 0 0.49755859375 0.5191 0.4809 FALSE
0.3 0.5 0 0.533935546875 0.5525 0.4475 True
0.3 0.6 0 0.48779296875 0.5859 0.4141 FALSE
0.3 0.7 0 0.5152587890625 0.6193 0.3807 True
0.3 0.8 0 0.5843505859375 0.6527 0.3473 True
0.3 0.9 0 0.596435546875 0.6861 0.3139 True
0.3 1.0 0 0.623779296875 0.7195 0.2805 True
0.4 0.1 0 0.50244140625 0.4857 0.5143 FALSE
0.4 0.2 0 0.4656982421875 0.5024 0.4976 FALSE
0.4 0.3 0 0.510498046875 0.5191 0.4809 True
0.4 0.4 0 0.5157470703125 0.5358 0.4642 True
0.4 0.5 0 0.4986572265625 0.5525 0.4475 FALSE
0.4 0.6 0 0.495361328125 0.5692 0.4308 FALSE
0.4 0.7 0 0.5303955078125 0.5859 0.4141 True
0.4 0.8 0 0.5186767578125 0.6026 0.3974 True
0.4 0.9 0 0.56396484375 0.6193 0.3807 True
0.4 1.0 0 0.5809326171875 0.6360 0.3640 True
0.5 0.1 0 0.489501953125 0.5525 0.4475 FALSE
0.5 0.2 0 0.4954833984375 0.5525 0.4475 FALSE
0.5 0.3 0 0.5238037109375 0.5525 0.4475 True
0.5 0.4 0 0.489990234375 0.5525 0.4475 FALSE
0.5 0.5 0 0.5107421875 0.5525 0.4475 True
0.5 0.6 0 0.512451171875 0.5525 0.4475 True
0.5 0.7 0 0.4818115234375 0.5525 0.4475 FALSE
0.5 0.8 0 0.5028076171875 0.5525 0.4475 True
0.5 0.9 0 0.5264892578125 0.5525 0.4475 True
0.5 1.0 0 0.4864501953125 0.5525 0.4475 FALSE
0.6 0.1 0 0.5313720703125 0.6193 0.3807 True
0.6 0.2 0 0.534912109375 0.6026 0.3974 True
0.6 0.3 0 0.5277099609375 0.5859 0.4141 True
0.6 0.4 0 0.5177001953125 0.5692 0.4308 True
0.6 0.5 0 0.507568359375 0.5525 0.4475 True
0.6 0.6 0 0.611083984375 0.5358 0.4642 True
0.6 0.7 0 0.475341796875 0.5191 0.4809 FALSE
0.6 0.8 0 0.49267578125 0.5024 0.4976 FALSE
0.6 0.9 0 0.494384765625 0.4857 0.5143 True
0.6 1.0 0 0.4632568359375 0.4690 0.5310 True
0.7 0.1 0 0.6195068359375 0.6861 0.3139 True
0.7 0.2 0 0.5345458984375 0.6527 0.3473 True
0.7 0.3 0 0.4942626953125 0.6193 0.3807 FALSE
0.7 0.4 0 0.5340576171875 0.5859 0.4141 True
0.7 0.5 0 0.527099609375 0.5525 0.4475 True
0.7 0.6 0 0.52734375 0.5191 0.4809 True
0.7 0.7 0 0.45263671875 0.4857 0.5143 True
0.7 0.8 0 0.4376220703125 0.4523 0.5477 True
0.7 0.9 0 0.4376220703125 0.4189 0.5811 True
0.7 1.0 0 0.3773193359375 0.3855 0.6145 True
0.8 0.1 0 0.6240234375 0.7529 0.2471 True
0.8 0.2 0 0.589111328125 0.7028 0.2972 True
0.8 0.3 0 0.5469970703125 0.6527 0.3473 True
0.8 0.4 0 0.5032958984375 0.6026 0.3974 True
0.8 0.5 0 0.482421875 0.5525 0.4475 FALSE
0.8 0.6 0 0.479736328125 0.5024 0.4976 FALSE
0.8 0.7 0 0.44873046875 0.4523 0.5477 True
0.8 0.8 0 0.407958984375 0.4022 0.5978 True
0.8 0.9 0 0.4136962890625 0.3521 0.6479 True
0.8 1.0 0 0.3743896484375 0.3020 0.6980 True
0.9 0.1 0 0.5604248046875 0.8197 0.1803 True
0.9 0.2 0 0.6243896484375 0.7529 0.2471 True
0.9 0.3 0 0.5845947265625 0.6861 0.3139 True
0.9 0.4 0 0.5369873046875 0.6193 0.3807 True
0.9 0.5 0 0.485107421875 0.5525 0.4475 FALSE
0.9 0.6 0 0.57861328125 0.4857 0.5143 FALSE
0.9 0.7 0 0.4814453125 0.4189 0.5811 True
0.9 0.8 0 0.4296875 0.3521 0.6479 True
0.9 0.9 0 0.3739013671875 0.2853 0.7147 True
0.9 1.0 0 0.339599609375 0.2186 0.7814 True
1.0 0.1 0 0.6575927734375 0.8864 0.1136 True
1.0 0.2 0 0.6466064453125 0.8030 0.1970 True
1.0 0.3 0 0.6146240234375 0.7195 0.2805 True
1.0 0.4 0 0.5684814453125 0.6360 0.3640 True
1.0 0.5 0 0.5196533203125 0.5525 0.4475 True
1.0 0.6 0 0.457275390625 0.4690 0.5310 True
1.0 0.7 0 0.407958984375 0.3855 0.6145 True
1.0 0.8 0 0.3546142578125 0.3020 0.6980 True
1.0 0.9 0 0.3475341796875 0.2186 0.7814 True
1.0 1.0 0 0.3450927734375 0.1351 0.8649 True