0.1 0.1 0 0.2907 0.2853 0.7147 True
0.1 0.2 0 0.3482 0.3521 0.6479 True
0.1 0.3 0 0.4195 0.4189 0.5811 True
0.1 0.4 0 0.4953 0.4857 0.5143 True
0.1 0.5 0 0.5539 0.5525 0.4475 True
0.1 0.6 0 0.6261 0.6193 0.3807 True
0.1 0.7 0 0.6843 0.6861 0.3139 True
0.1 0.8 0 0.7511 0.7529 0.2471 True
0.1 0.9 0 0.8222 0.8197 0.1803 True
0.1 1.0 0 0.8784 0.8864 0.1136 True
0.2 0.1 0 0.3518 0.3521 0.6479 True
0.2 0.2 0 0.4092 0.4022 0.5978 True
0.2 0.3 0 0.4503 0.4523 0.5477 True
0.2 0.4 0 0.5114 0.5024 0.4976 True
0.2 0.5 0 0.5584 0.5525 0.4475 True
0.2 0.6 0 0.5998 0.6026 0.3974 True
0.2 0.7 0 0.6454 0.6527 0.3473 True
0.2 0.8 0 0.7041 0.7028 0.2972 True
0.2 0.9 0 0.7528 0.7529 0.2471 True
0.2 1.0 0 0.7979 0.8030 0.1970 True
0.3 0.1 0 0.4152 0.4189 0.5811 True
0.3 0.2 0 0.4505 0.4523 0.5477 True
0.3 0.3 0 0.4867 0.4857 0.5143 True
0.3 0.4 0 0.5215 0.5191 0.4809 True
0.3 0.5 0 0.5513 0.5525 0.4475 True
0.3 0.6 0 0.5795 0.5859 0.4141 True
0.3 0.7 0 0.6175 0.6193 0.3807 True
0.3 0.8 0 0.6481 0.6527 0.3473 True
0.3 0.9 0 0.6971 0.6861 0.3139 True
0.3 1.0 0 0.7221 0.7195 0.2805 True
0.4 0.1 0 0.4681 0.4857 0.5143 True
0.4 0.2 0 0.5034 0.5024 0.4976 True
0.4 0.3 0 0.5244 0.5191 0.4809 True
0.4 0.4 0 0.5298 0.5358 0.4642 True
0.4 0.5 0 0.5473 0.5525 0.4475 True
0.4 0.6 0 0.5751 0.5692 0.4308 True
0.4 0.7 0 0.597 0.5859 0.4141 True
0.4 0.8 0 0.6018 0.6026 0.3974 True
0.4 0.9 0 0.622 0.6193 0.3807 True
0.4 1.0 0 0.6249 0.6360 0.3640 True
0.5 0.1 0 0.5503 0.5525 0.4475 True
0.5 0.2 0 0.5575 0.5525 0.4475 True
0.5 0.3 0 0.5486 0.5525 0.4475 True
0.5 0.4 0 0.5419 0.5525 0.4475 True
0.5 0.5 0 0.5582 0.5525 0.4475 True
0.5 0.6 0 0.5523 0.5525 0.4475 True
0.5 0.7 0 0.5535 0.5525 0.4475 True
0.5 0.8 0 0.5463 0.5525 0.4475 True
0.5 0.9 0 0.549 0.5525 0.4475 True
0.5 1.0 0 0.5444 0.5525 0.4475 True
0.6 0.1 0 0.611 0.6193 0.3807 True
0.6 0.2 0 0.6121 0.6026 0.3974 True
0.6 0.3 0 0.5862 0.5859 0.4141 True
0.6 0.4 0 0.5658 0.5692 0.4308 True
0.6 0.5 0 0.5554 0.5525 0.4475 True
0.6 0.6 0 0.5335 0.5358 0.4642 True
0.6 0.7 0 0.5248 0.5191 0.4809 True
0.6 0.8 0 0.4944 0.5024 0.4976 FALSE
0.6 0.9 0 0.4857 0.4857 0.5143 True
0.6 1.0 0 0.4766 0.4690 0.5310 True
0.7 0.1 0 0.6914 0.6861 0.3139 True
0.7 0.2 0 0.6532 0.6527 0.3473 True
0.7 0.3 0 0.6266 0.6193 0.3807 True
0.7 0.4 0 0.582 0.5859 0.4141 True
0.7 0.5 0 0.555 0.5525 0.4475 True
0.7 0.6 0 0.5231 0.5191 0.4809 True
0.7 0.7 0 0.4852 0.4857 0.5143 True
0.7 0.8 0 0.4621 0.4523 0.5477 True
0.7 0.9 0 0.4122 0.4189 0.5811 True
0.7 1.0 0 0.3869 0.3855 0.6145 True
0.8 0.1 0 0.7527 0.7529 0.2471 True
0.8 0.2 0 0.6999 0.7028 0.2972 True
0.8 0.3 0 0.656 0.6527 0.3473 True
0.8 0.4 0 0.6015 0.6026 0.3974 True
0.8 0.5 0 0.5571 0.5525 0.4475 True
0.8 0.6 0 0.4953 0.5024 0.4976 FALSE
0.8 0.7 0 0.4553 0.4523 0.5477 True
0.8 0.8 0 0.4021 0.4022 0.5978 True
0.8 0.9 0 0.3551 0.3521 0.6479 True
0.8 1.0 0 0.3015 0.3020 0.6980 True
0.9 0.1 0 0.8173 0.8197 0.1803 True
0.9 0.2 0 0.7497 0.7529 0.2471 True
0.9 0.3 0 0.6824 0.6861 0.3139 True
0.9 0.4 0 0.6141 0.6193 0.3807 True
0.9 0.5 0 0.5557 0.5525 0.4475 True
0.9 0.6 0 0.4819 0.4857 0.5143 True
0.9 0.7 0 0.4182 0.4189 0.5811 True
0.9 0.8 0 0.3457 0.3521 0.6479 True
0.9 0.9 0 0.2852 0.2853 0.7147 True
0.9 1.0 0 0.2189 0.2186 0.7814 True
1.0 0.1 0 0.885 0.8864 0.1136 True
1.0 0.2 0 0.8062 0.8030 0.1970 True
1.0 0.3 0 0.7266 0.7195 0.2805 True
1.0 0.4 0 0.6374 0.6360 0.3640 True
1.0 0.5 0 0.5538 0.5525 0.4475 True
1.0 0.6 0 0.4631 0.4690 0.5310 True
1.0 0.7 0 0.3884 0.3855 0.6145 True
1.0 0.8 0 0.3025 0.3020 0.6980 True
1.0 0.9 0 0.2143 0.2186 0.7814 True
1.0 1.0 0 0.1334 0.1351 0.8649 True