0.1 0.1 0 0.3551025390625 0.2853 0.7147 True
0.1 0.2 0 0.386474609375 0.3521 0.6479 True
0.1 0.3 0 0.4410400390625 0.4189 0.5811 True
0.1 0.4 0 0.511474609375 0.4857 0.5143 FALSE
0.1 0.5 0 0.4931640625 0.5525 0.4475 FALSE
0.1 0.6 0 0.5416259765625 0.6193 0.3807 True
0.1 0.7 0 0.59814453125 0.6861 0.3139 True
0.1 0.8 0 0.4591064453125 0.7529 0.2471 FALSE
0.1 0.9 0 0.6221923828125 0.8197 0.1803 True
0.1 1.0 0 0.594970703125 0.8864 0.1136 True
0.2 0.1 0 0.4384765625 0.3521 0.6479 True
0.2 0.2 0 0.3983154296875 0.4022 0.5978 True
0.2 0.3 0 0.475830078125 0.4523 0.5477 True
0.2 0.4 0 0.4488525390625 0.5024 0.4976 FALSE
0.2 0.5 0 0.4677734375 0.5525 0.4475 FALSE
0.2 0.6 0 0.5582275390625 0.6026 0.3974 True
0.2 0.7 0 0.53857421875 0.6527 0.3473 True
0.2 0.8 0 0.61865234375 0.7028 0.2972 True
0.2 0.9 0 0.5860595703125 0.7529 0.2471 True
0.2 1.0 0 0.62353515625 0.8030 0.1970 True
0.3 0.1 0 0.470703125 0.4189 0.5811 True
0.3 0.2 0 0.4542236328125 0.4523 0.5477 True
0.3 0.3 0 0.5028076171875 0.4857 0.5143 FALSE
0.3 0.4 0 0.488525390625 0.5191 0.4809 FALSE
0.3 0.5 0 0.477294921875 0.5525 0.4475 FALSE
0.3 0.6 0 0.50830078125 0.5859 0.4141 True
0.3 0.7 0 0.40625 0.6193 0.3807 FALSE
0.3 0.8 0 0.5888671875 0.6527 0.3473 True
0.3 0.9 0 0.6131591796875 0.6861 0.3139 True
0.3 1.0 0 0.56787109375 0.7195 0.2805 True
0.4 0.1 0 0.4779052734375 0.4857 0.5143 True
0.4 0.2 0 0.469482421875 0.5024 0.4976 FALSE
0.4 0.3 0 0.4964599609375 0.5191 0.4809 FALSE
0.4 0.4 0 0.478515625 0.5358 0.4642 FALSE
0.4 0.5 0 0.5479736328125 0.5525 0.4475 True
0.4 0.6 0 0.545654296875 0.5692 0.4308 True
0.4 0.7 0 0.560302734375 0.5859 0.4141 True
0.4 0.8 0 0.50927734375 0.6026 0.3974 True
0.4 0.9 0 0.5228271484375 0.6193 0.3807 True
0.4 1.0 0 0.5115966796875 0.6360 0.3640 True
0.5 0.1 0 0.413818359375 0.5525 0.4475 FALSE
0.5 0.2 0 0.4658203125 0.5525 0.4475 FALSE
0.5 0.3 0 0.498291015625 0.5525 0.4475 FALSE
0.5 0.4 0 0.4599609375 0.5525 0.4475 FALSE
0.5 0.5 0 0.493896484375 0.5525 0.4475 FALSE
0.5 0.6 0 0.5426025390625 0.5525 0.4475 True
0.5 0.7 0 0.5369873046875 0.5525 0.4475 True
0.5 0.8 0 0.5390625 0.5525 0.4475 True
0.5 0.9 0 0.455810546875 0.5525 0.4475 FALSE
0.5 1.0 0 0.51806640625 0.5525 0.4475 True
0.6 0.1 0 0.535888671875 0.6193 0.3807 True
0.6 0.2 0 0.525634765625 0.6026 0.3974 True
0.6 0.3 0 0.470947265625 0.5859 0.4141 FALSE
0.6 0.4 0 0.5357666015625 0.5692 0.4308 True
0.6 0.5 0 0.554443359375 0.5525 0.4475 True
0.6 0.6 0 0.466796875 0.5358 0.4642 FALSE
0.6 0.7 0 0.52734375 0.5191 0.4809 True
0.6 0.8 0 0.4635009765625 0.5024 0.4976 FALSE
0.6 0.9 0 0.5172119140625 0.4857 0.5143 FALSE
0.6 1.0 0 0.4871826171875 0.4690 0.5310 True
0.7 0.1 0 0.5166015625 0.6861 0.3139 True
0.7 0.2 0 0.56103515625 0.6527 0.3473 True
0.7 0.3 0 0.537841796875 0.6193 0.3807 True
0.7 0.4 0 0.4757080078125 0.5859 0.4141 FALSE
0.7 0.5 0 0.5230712890625 0.5525 0.4475 True
0.7 0.6 0 0.484619140625 0.5191 0.4809 FALSE
0.7 0.7 0 0.415771484375 0.4857 0.5143 True
0.7 0.8 0 0.4383544921875 0.4523 0.5477 True
0.7 0.9 0 0.48046875 0.4189 0.5811 True
0.7 1.0 0 0.44873046875 0.3855 0.6145 True
0.8 0.1 0 0.4312744140625 0.7529 0.2471 FALSE
0.8 0.2 0 0.5535888671875 0.7028 0.2972 True
0.8 0.3 0 0.5123291015625 0.6527 0.3473 True
0.8 0.4 0 0.4833984375 0.6026 0.3974 FALSE
0.8 0.5 0 0.5557861328125 0.5525 0.4475 True
0.8 0.6 0 0.4876708984375 0.5024 0.4976 FALSE
0.8 0.7 0 0.5159912109375 0.4523 0.5477 FALSE
0.8 0.8 0 0.4000244140625 0.4022 0.5978 True
0.8 0.9 0 0.362060546875 0.3521 0.6479 True
0.8 1.0 0 0.3746337890625 0.3020 0.6980 True
0.9 0.1 0 0.5875244140625 0.8197 0.1803 True
0.9 0.2 0 0.5196533203125 0.7529 0.2471 True
0.9 0.3 0 0.5450439453125 0.6861 0.3139 True
0.9 0.4 0 0.5712890625 0.6193 0.3807 True
0.9 0.5 0 0.5313720703125 0.5525 0.4475 True
0.9 0.6 0 0.5225830078125 0.4857 0.5143 FALSE
0.9 0.7 0 0.440185546875 0.4189 0.5811 True
0.9 0.8 0 0.40625 0.3521 0.6479 True
0.9 0.9 0 0.3316650390625 0.2853 0.7147 True
0.9 1.0 0 0.36572265625 0.2186 0.7814 True
1.0 0.1 0 0.6861572265625 0.8864 0.1136 True
1.0 0.2 0 0.46826171875 0.8030 0.1970 FALSE
1.0 0.3 0 0.4764404296875 0.7195 0.2805 FALSE
1.0 0.4 0 0.545166015625 0.6360 0.3640 True
1.0 0.5 0 0.4935302734375 0.5525 0.4475 FALSE
1.0 0.6 0 0.485595703125 0.4690 0.5310 True
1.0 0.7 0 0.442138671875 0.3855 0.6145 True
1.0 0.8 0 0.4354248046875 0.3020 0.6980 True
1.0 0.9 0 0.357421875 0.2186 0.7814 True
1.0 1.0 0 0.3719482421875 0.1351 0.8649 True
