0,1    0.997635934
0,1    0.998108747
0,1    0.997635934
0,1    0.998108747
0,1    0.997635934
0,1    0.997635934
0,1    0.997163121
0,1    0.997163121
0,1    0.996217494
0,1    0.997635934
0,2    0.510934394
0,2    0.985089463
0,2    0.984095427
0,2    0.987574553
0,2    0.984592445
0,2    0.982604374
0,2    0.982604374
0,2    0.985586481
0,2    0.985586481
0,2    0.982107356
0,3    0.984924623
0,3    0.992964824
0,3    0.992964824
0,3    0.992462312
0,3    0.98241206
0,3    0.990452261
0,3    0.987939698
0,3    0.989447236
0,3    0.988442211
0,3    0.992462312
0,4    0.991845056
0,4    0.990825688
0,4    0.992864424
0,4    0.991335372
0,4    0.990316004
0,4    0.990825688
0,4    0.990316004
0,4    0.991845056
0,4    0.990825688
0,4    0.992864424
0,5    0.990384615
0,5    0.981303419
0,5    0.988247863
0,5    0.993055556
0,5    0.986645299
0,5    0.985042735
0,5    0.981303419
0,5    0.476495726
0,5    0.974893162
0,5    0.981303419
0,6    0.992776058
0,6    0.987616099
0,6    0.984004128
0,6    0.990196078
0,6    0.989164087
0,6    0.98245614
0,6    0.981424149
0,6    0.989680083
0,6    0.986068111
0,6    0.977812178
0,7    0.992031873
0,7    0.99252988
0,7    0.991533865
0,7    0.992031873
0,7    0.510956175
0,7    0.993027888
0,7    0.99252988
0,7    0.99252988
0,7    0.992031873
0,7    0.991533865
0,8    0.985158649
0,8    0.498464688
0,8    0.991299898
0,8    0.98618219
0,8    0.989252815
0,8    0.983623337
0,8    0.975435005
0,8    0.988229273
0,8    0.984646878
0,8    0.985158649
0,9    0.989441931
0,9    0.991452991
0,9    0.991955757
0,9    0.991452991
0,9    0.991452991
0,9    0.989944696
0,9    0.988939165
0,9    0.988939165
0,9    0.991452991
0,9    0.989441931
1,2    0.991693586
1,2    0.992155053
1,2    0.994000923
1,2    0.991232118
1,2    0.991232118
1,2    0.991693586
1,2    0.993077988
1,2    0.990770651
1,2    0.991232118
1,2    0.992155053
1,3    0.996270396
1,3    0.993939394
1,3    0.995804196
1,3    0.993006993
1,3    0.994871795
1,3    0.995804196
1,3    0.996736597
1,3    0.993006993
1,3    0.992074592
1,3    0.991608392
1,4    0.995748701
1,4    0.995276334
1,4    0.995748701
1,4    0.996693434
1,4    0.997165801
1,4    0.997638167
1,4    0.996221068
1,4    0.995748701
1,4    0.995276334
1,4    0.995748701
1,5    0.990133202
1,5    0.992599901
1,5    0.988159842
1,5    0.990133202
1,5    0.990626542
1,5    0.991119882
1,5    0.991119882
1,5    0.989639862
1,5    0.991613222
1,5    0.991119882
1,6    0.989488772
1,6    0.990444338
1,6    0.455805065
1,6    0.991877688
1,6    0.989966555
1,6    0.989488772
1,6    0.990922121
1,6    0.989488772
1,6    0.989966555
1,6    0.990922121
1,7    0.993065187
1,7    0.993065187
1,7    0.993065187
1,7    0.993065187
1,7    0.990291262
1,7    0.992602866
1,7    0.991678225
1,7    0.991215904
1,7    0.994914471
1,7    0.991215904
1,8    0.984826932
1,8    0.460881935
1,8    0.980085349
1,8    0.97392129
1,8    0.985301091
1,8    0.983878615
1,8    0.984352774
1,8    0.98245614
1,8    0.988620199
1,8    0.98245614
1,9    0.995802239
1,9    0.996735075
1,9    0.993936567
1,9    0.470615672
1,9    0.470615672
1,9    0.997201493
1,9    0.996268657
1,9    0.995335821
1,9    0.994402985
1,9    0.992537313
2,3    0.958863859
2,3    0.969147894
2,3    0.968168462
2,3    0.493633692
2,3    0.960333007
2,3    0.96718903
2,3    0.968168462
2,3    0.958863859
2,3    0.96963761
2,3    0.973555338
2,4    0.978152929
2,4    0.485600794
2,4    0.984607746
2,4    0.982125124
2,4    0.979145978
2,4    0.985600794
2,4    0.983614697
2,4    0.979145978
2,4    0.984607746
2,4    0.984607746
2,5    0.979209979
2,5    0.987525988
2,5    0.980769231
2,5    0.983367983
2,5    0.981288981
2,5    0.985966736
2,5    0.983367983
2,5    0.98024948
2,5    0.974532225
2,5    0.98024948
2,6    0.98040201
2,6    0.977386935
2,6    0.480904523
2,6    0.985929648
2,6    0.481407035
2,6    0.977889447
2,6    0.988944724
2,6    0.98241206
2,6    0.97638191
2,6    0.981407035
2,7    0.981067961
2,7    0.976699029
2,7    0.976213592
2,7    0.975242718
2,7    0.982524272
2,7    0.97038835
2,7    0.980097087
2,7    0.977184466
2,7    0.979126214
2,7    0.97961165
2,8    0.970089731
2,8    0.972582253
2,8    0.973080758
2,8    0.976570289
2,8    0.977567298
2,8    0.972083749
2,8    0.976071785
2,8    0.976071785
2,8    0.971585244
2,8    0.976071785
2,9    0.983831455
2,9    0.988241058
2,9    0.983831455
2,9    0.987261146
2,9    0.984811367
2,9    0.493385595
2,9    0.987751102
2,9    0.987261146
2,9    0.987751102
2,9    0.985791279
3,4    0.993975904
3,4    0.491465863
3,4    0.993975904
3,4    0.993473896
3,4    0.992971888
3,4    0.491465863
3,4    0.991967871
3,4    0.99246988
3,4    0.992971888
3,4    0.99246988
3,5    0.943217666
3,5    0.945320715
3,5    0.944794953
3,5    0.94426919
3,5    0.947423764
3,5    0.935856993
3,5    0.951629863
3,5    0.942166141
3,5    0.940063091
3,5    0.9553102
3,6    0.994918699
3,6    0.99847561
3,6    0.993902439
3,6    0.991361789
3,6    0.99745935
3,6    0.990853659
3,6    0.99745935
3,6    0.99898374
3,6    0.994918699
3,6    0.995934959
3,7    0.967615309
3,7    0.974484789
3,7    0.965652601
3,7    0.972031403
3,7    0.973503435
3,7    0.974484789
3,7    0.977428852
3,7    0.97595682
3,7    0.971050049
3,7    0.974484789
3,8    0.949596774
3,8    0.954637097
3,8    0.952116935
3,8    0.953629032
3,8    0.964717742
3,8    0.956653226
3,8    0.961693548
3,8    0.952620968
3,8    0.953629032
3,8    0.961189516
3,9    0.972758791
3,9    0.976721149
3,9    0.967805844
3,9    0.981674096
3,9    0.973749381
3,9    0.968301139
3,9    0.973254086
3,9    0.971272907
3,9    0.971272907
3,9    0.97473997
4,5    0.475987193
4,5    0.990394877
4,5    0.989861259
4,5    0.988794023
4,5    0.989327641
4,5    0.988794023
4,5    0.989861259
4,5    0.987726788
4,5    0.992529349
4,5    0.993596585
4,6    0.986082474
4,6    0.984536082
4,6    0.493298969
4,6    0.98556701
4,6    0.989175258
4,6    0.98814433
4,6    0.987628866
4,6    0.984020619
4,6    0.986082474
4,6    0.989690722
4,7    0.985572139
4,7    0.965174129
4,7    0.985074627
4,7    0.982587065
4,7    0.979104478
4,7    0.97761194
4,7    0.986069652
4,7    0.984577114
4,7    0.983084577
4,7    0.98159204
4,8    0.983128834
4,8    0.988752556
4,8    0.989263804
4,8    0.985685072
4,8    0.989775051
4,8    0.986196319
4,8    0.988241309
4,8    0.986196319
4,8    0.49795501
4,8    0.983640082
4,9    0.943746861
4,9    0.903566047
4,9    0.945755902
4,9    0.949773983
4,9    0.948267202
4,9    0.925163235
4,9    0.934203918
4,9    0.945755902
4,9    0.921145153
4,9    0.932697137
5,6    0.973513514
5,6    0.973513514
5,6    0.976756757
5,6    0.972972973
5,6    0.960540541
5,6    0.961621622
5,6    0.977297297
5,6    0.974594595
5,6    0.972432432
5,6    0.977837838
5,7    0.995833333
5,7    0.984895833
5,7    0.990625
5,7    0.990104167
5,7    0.994791667
5,7    0.992708333
5,7    0.9921875
5,7    0.9953125
5,7    0.993229167
5,7    0.980729167
5,8    0.962486602
5,8    0.947481243
5,8    0.954448017
5,8    0.945873526
5,8    0.962486602
5,8    0.965702036
5,8    0.945873526
5,8    0.958735263
5,8    0.956055734
5,8    0.966237942
5,9    0.982640715
5,9    0.530247238
5,9    0.981062599
5,9    0.973172015
5,9    0.977380326
5,9    0.977380326
5,9    0.975802209
5,9    0.977380326
5,9    0.973698054
5,9    0.972645976
6,7    0.995468278
6,7    0.995971803
6,7    0.996475327
6,7    0.995971803
6,7    0.997482377
6,7    0.517623364
6,7    0.997985901
6,7    0.995971803
6,7    0.997482377
6,7    0.996475327
6,8    0.977225673
6,8    0.983436853
6,8    0.984989648
6,8    0.986024845
6,8    0.984989648
6,8    0.980331263
6,8    0.982919255
6,8    0.981884058
6,8    0.984989648
6,8    0.979296066
6,9    0.985256736
6,9    0.988815455
6,9    0.988307067
6,9    0.983223183
6,9    0.990849009
6,9    0.989323843
6,9    0.989832232
6,9    0.991357397
6,9    0.989323843
6,9    0.989832232
7,8    0.978521479
7,8    0.983516484
7,8    0.982517483
7,8    0.988011988
7,8    0.986013986
7,8    0.988511489
7,8    0.985014985
7,8    0.986013986
7,8    0.979020979
7,8    0.977522478
7,9    0.934216986
7,9    0.923907707
7,9    0.933726068
7,9    0.948453608
7,9    0.951399116
7,9    0.945017182
7,9    0.899852725
7,9    0.938635248
7,9    0.92832597
7,9    0.934216986
8,9    0.97175996
8,9    0.968734241
8,9    0.9702471
8,9    0.973777105
8,9    0.961674231
8,9    0.974281392
8,9    0.959152799
8,9    0.970751387
8,9    0.966212809
8,9    0.9702471