0,1    0.997163121
0,1    0.997635934
0,1    0.997635934
0,1    0.997635934
0,1    0.997635934
0,1    0.998108747
0,1    0.998108747
0,1    0.998108747
0,1    0.998108747
0,1    0.998108747
0,2    0.986083499
0,2    0.986580517
0,2    0.987574553
0,2    0.987574553
0,2    0.988071571
0,2    0.988071571
0,2    0.988568588
0,2    0.988568588
0,2    0.989065606
0,2    0.989065606
0,3    0.992964824
0,3    0.993467337
0,3    0.993969849
0,3    0.993969849
0,3    0.993969849
0,3    0.994974874
0,3    0.995477387
0,3    0.995477387
0,3    0.995979899
0,3    0.995979899
0,4    0.498980632
0,4    0.991845056
0,4    0.99235474
0,4    0.992864424
0,4    0.992864424
0,4    0.993374108
0,4    0.993374108
0,4    0.993374108
0,4    0.993374108
0,4    0.993883792
0,5    0.990384615
0,5    0.991452991
0,5    0.991987179
0,5    0.991987179
0,5    0.992521368
0,5    0.992521368
0,5    0.993055556
0,5    0.993589744
0,5    0.994123932
0,5    0.99465812
0,6    0.49380805
0,6    0.987100103
0,6    0.988132095
0,6    0.988132095
0,6    0.988648091
0,6    0.989164087
0,6    0.990196078
0,6    0.99122807
0,6    0.991744066
0,6    0.992776058
0,7    0.992031873
0,7    0.993027888
0,7    0.993027888
0,7    0.993027888
0,7    0.993027888
0,7    0.993525896
0,7    0.994023904
0,7    0.994521912
0,7    0.994521912
0,7    0.99501992
0,8    0.498464688
0,8    0.988229273
0,8    0.989252815
0,8    0.990276356
0,8    0.990788127
0,8    0.991299898
0,8    0.991811668
0,8    0.992323439
0,8    0.99283521
0,8    0.993346981
0,9    0.990950226
0,9    0.991955757
0,9    0.991955757
0,9    0.991955757
0,9    0.991955757
0,9    0.992458522
0,9    0.992458522
0,9    0.992961287
0,9    0.992961287
0,9    0.994469583
1,2    0.990770651
1,2    0.991693586
1,2    0.991693586
1,2    0.992155053
1,2    0.992155053
1,2    0.992155053
1,2    0.992155053
1,2    0.992155053
1,2    0.993077988
1,2    0.993077988
1,3    0.996736597
1,3    0.996736597
1,3    0.997202797
1,3    0.997202797
1,3    0.997202797
1,3    0.997668998
1,3    0.997668998
1,3    0.997668998
1,3    0.998135198
1,3    0.998135198
1,4    0.996221068
1,4    0.996693434
1,4    0.996693434
1,4    0.997165801
1,4    0.997165801
1,4    0.997165801
1,4    0.997165801
1,4    0.997165801
1,4    0.997165801
1,4    0.997638167
1,5    0.991119882
1,5    0.992106561
1,5    0.992106561
1,5    0.992106561
1,5    0.992599901
1,5    0.992599901
1,5    0.993093241
1,5    0.993586581
1,5    0.993586581
1,5    0.994079921
1,6    0.990922121
1,6    0.991877688
1,6    0.991877688
1,6    0.991877688
1,6    0.991877688
1,6    0.991877688
1,6    0.991877688
1,6    0.991877688
1,6    0.992355471
1,6    0.992355471
1,7    0.992140546
1,7    0.992602866
1,7    0.992602866
1,7    0.993065187
1,7    0.993527508
1,7    0.993527508
1,7    0.993989829
1,7    0.99445215
1,7    0.99445215
1,7    0.994914471
1,8    0.987197724
1,8    0.988146041
1,8    0.988620199
1,8    0.989568516
1,8    0.989568516
1,8    0.990042674
1,8    0.990042674
1,8    0.990990991
1,8    0.990990991
1,8    0.992413466
1,9    0.996268657
1,9    0.996268657
1,9    0.996735075
1,9    0.996735075
1,9    0.996735075
1,9    0.997201493
1,9    0.997201493
1,9    0.997201493
1,9    0.997201493
1,9    0.997201493
2,3    0.97208619
2,3    0.976003918
2,3    0.978452498
2,3    0.979921645
2,3    0.980411361
2,3    0.980901077
2,3    0.980901077
2,3    0.981880509
2,3    0.982370225
2,3    0.982859941
2,4    0.983118173
2,4    0.983614697
2,4    0.984111221
2,4    0.98510427
2,4    0.98510427
2,4    0.98510427
2,4    0.986097319
2,4    0.986593843
2,4    0.987090367
2,4    0.987586892
2,5    0.980769231
2,5    0.987525988
2,5    0.989085239
2,5    0.98960499
2,5    0.99012474
2,5    0.990644491
2,5    0.990644491
2,5    0.991683992
2,5    0.991683992
2,5    0.991683992
2,6    0.985929648
2,6    0.988442211
2,6    0.988944724
2,6    0.988944724
2,6    0.989447236
2,6    0.990954774
2,6    0.990954774
2,6    0.992462312
2,6    0.992462312
2,6    0.992964824
2,7    0.974271845
2,7    0.97815534
2,7    0.978640777
2,7    0.97961165
2,7    0.980582524
2,7    0.980582524
2,7    0.982524272
2,7    0.982524272
2,7    0.983980583
2,7    0.983980583
2,8    0.973080758
2,8    0.976570289
2,8    0.977567298
2,8    0.978065803
2,8    0.978564307
2,8    0.980558325
2,8    0.982053838
2,8    0.982552343
2,8    0.983050847
2,8    0.983549352
2,9    0.985791279
2,9    0.987751102
2,9    0.987751102
2,9    0.987751102
2,9    0.987751102
2,9    0.988241058
2,9    0.988731014
2,9    0.98922097
2,9    0.98922097
2,9    0.990200882
3,4    0.99246988
3,4    0.99246988
3,4    0.992971888
3,4    0.992971888
3,4    0.993975904
3,4    0.993975904
3,4    0.993975904
3,4    0.994477912
3,4    0.994477912
3,4    0.994477912
3,5    0.965299685
3,5    0.965825447
3,5    0.967928496
3,5    0.969505783
3,5    0.970031546
3,5    0.970031546
3,5    0.970031546
3,5    0.97108307
3,5    0.97108307
3,5    0.97318612
3,6    0.996443089
3,6    0.99796748
3,6    0.99796748
3,6    0.99796748
3,6    0.99796748
3,6    0.99796748
3,6    0.99847561
3,6    0.99847561
3,6    0.99847561
3,6    0.99847561
3,7    0.982335623
3,7    0.983807655
3,7    0.984789009
3,7    0.984789009
3,7    0.984789009
3,7    0.984789009
3,7    0.985770363
3,7    0.98626104
3,7    0.986751717
3,7    0.987733072
3,8    0.973790323
3,8    0.973790323
3,8    0.974294355
3,8    0.974294355
3,8    0.974798387
3,8    0.976814516
3,8    0.977318548
3,8    0.977822581
3,8    0.978326613
3,8    0.978326613
3,9    0.980188212
3,9    0.981674096
3,9    0.982169391
3,9    0.98415057
3,9    0.98415057
3,9    0.985141159
3,9    0.985141159
3,9    0.986131748
3,9    0.987122338
3,9    0.987122338
4,5    0.994130203
4,5    0.994663821
4,5    0.995197439
4,5    0.995197439
4,5    0.995731057
4,5    0.995731057
4,5    0.996264674
4,5    0.996798292
4,5    0.99733191
4,5    0.99733191
4,6    0.989690722
4,6    0.990206186
4,6    0.990206186
4,6    0.990206186
4,6    0.990721649
4,6    0.990721649
4,6    0.991237113
4,6    0.991237113
4,6    0.992268041
4,6    0.992783505
4,7    0.98358209
4,7    0.985074627
4,7    0.985074627
4,7    0.986567164
4,7    0.986567164
4,7    0.987064677
4,7    0.987064677
4,7    0.987562189
4,7    0.988557214
4,7    0.990547264
4,8    0.990286299
4,8    0.990797546
4,8    0.990797546
4,8    0.991820041
4,8    0.991820041
4,8    0.991820041
4,8    0.992331288
4,8    0.992331288
4,8    0.992842536
4,8    0.993353783
4,9    0.965344048
4,9    0.966348569
4,9    0.966850829
4,9    0.967353089
4,9    0.968357609
4,9    0.96986439
4,9    0.97036665
4,9    0.97086891
4,9    0.97086891
4,9    0.972877951
5,6    0.977297297
5,6    0.977297297
5,6    0.98
5,6    0.98
5,6    0.98
5,6    0.98
5,6    0.981621622
5,6    0.981621622
5,6    0.982702703
5,6    0.983243243
5,7    0.9953125
5,7    0.995833333
5,7    0.995833333
5,7    0.996354167
5,7    0.996875
5,7    0.996875
5,7    0.997395833
5,7    0.997395833
5,7    0.997395833
5,7    0.997395833
5,8    0.968917471
5,8    0.969989282
5,8    0.973740622
5,8    0.974276527
5,8    0.97642015
5,8    0.976956056
5,8    0.979099678
5,8    0.979635584
5,8    0.981243301
5,8    0.984458735
5,9    0.528669122
5,9    0.978958443
5,9    0.98053656
5,9    0.98053656
5,9    0.982640715
5,9    0.982640715
5,9    0.983166754
5,9    0.983166754
5,9    0.983692793
5,9    0.986322988
6,7    0.995971803
6,7    0.996978852
6,7    0.996978852
6,7    0.996978852
6,7    0.997482377
6,7    0.997985901
6,7    0.997985901
6,7    0.997985901
6,7    0.998489426
6,7    0.998489426
6,8    0.502587992
6,8    0.983954451
6,8    0.983954451
6,8    0.98447205
6,8    0.986024845
6,8    0.986024845
6,8    0.986542443
6,8    0.987060041
6,8    0.988095238
6,8    0.990165631
6,9    0.989323843
6,9    0.989832232
6,9    0.99034062
6,9    0.990849009
6,9    0.990849009
6,9    0.990849009
6,9    0.990849009
6,9    0.991357397
6,9    0.991357397
6,9    0.991357397
7,8    0.981518482
7,8    0.985514486
7,8    0.988511489
7,8    0.98951049
7,8    0.99000999
7,8    0.990509491
7,8    0.990509491
7,8    0.991008991
7,8    0.991008991
7,8    0.992007992
7,9    0.959253805
7,9    0.969072165
7,9    0.970544919
7,9    0.971526755
7,9    0.976435935
7,9    0.977417771
7,9    0.977417771
7,9    0.978399607
7,9    0.978399607
7,9    0.979381443
8,9    0.973777105
8,9    0.974281392
8,9    0.975289965
8,9    0.975794251
8,9    0.975794251
8,9    0.976298538
8,9    0.97730711
8,9    0.978315683
8,9    0.978315683
8,9    0.981341402