0,1    0.997163121
0,1    0.96643026
0,1    0.996217494
0,1    0.996217494
0,1    0.995271868
0,1    0.995271868
0,1    0.995744681
0,1    0.996217494
0,1    0.996217494
0,1    0.995744681
0,2    0.961729622
0,2    0.967693837
0,2    0.869781312
0,2    0.966202783
0,2    0.510934394
0,2    0.510934394
0,2    0.799204771
0,2    0.966202783
0,2    0.965705765
0,2    0.767892644
0,3    0.98040201
0,3    0.980904523
0,3    0.882914573
0,3    0.980904523
0,3    0.795979899
0,3    0.979396985
0,3    0.98040201
0,3    0.981407035
0,3    0.981407035
0,3    0.97839196
0,4    0.985728848
0,4    0.983180428
0,4    0.983180428
0,4    0.974006116
0,4    0.882772681
0,4    0.978593272
0,4    0.97706422
0,4    0.981651376
0,4    0.978083588
0,4    0.986748216
0,5    0.956196581
0,5    0.954059829
0,5    0.476495726
0,5    0.940705128
0,5    0.961004274
0,5    0.738247863
0,5    0.954059829
0,5    0.960470085
0,5    0.961004274
0,5    0.476495726
0,6    0.494324045
0,6    0.958204334
0,6    0.969040248
0,6    0.95872033
0,6    0.966976264
0,6    0.494324045
0,6    0.843653251
0,6    0.851393189
0,6    0.956140351
0,6    0.832301342
0,7    0.981075697
0,7    0.985059761
0,7    0.982569721
0,7    0.982569721
0,7    0.510458167
0,7    0.978087649
0,7    0.978585657
0,7    0.510458167
0,7    0.982569721
0,7    0.982569721
0,8    0.96468782
0,8    0.498464688
0,8    0.961105425
0,8    0.966223132
0,8    0.965199591
0,8    0.88741044
0,8    0.969293756
0,8    0.961617195
0,8    0.963664278
0,8    0.498464688
0,9    0.507290096
0,9    0.507290096
0,9    0.842131724
0,9    0.97586727
0,9    0.916540975
0,9    0.50678733
0,9    0.973353444
0,9    0.975364505
0,9    0.975364505
0,9    0.973353444
1,2    0.980618366
1,2    0.977388094
1,2    0.475311491
1,2    0.476234425
1,2    0.929856945
1,2    0.952468851
1,2    0.900323027
1,2    0.966312875
1,2    0.980618366
1,2    0.980618366
1,3    0.937995338
1,3    0.966899767
1,3    0.470862471
1,3    0.470862471
1,3    0.938927739
1,3    0.937995338
1,3    0.938461538
1,3    0.964568765
1,3    0.470862471
1,3    0.963636364
1,4    0.463863958
1,4    0.982994804
1,4    0.883797827
1,4    0.982994804
1,4    0.982522437
1,4    0.977326405
1,4    0.981577704
1,4    0.902692489
1,4    0.983467171
1,4    0.980632971
1,5    0.909718796
1,5    0.965466206
1,5    0.949679329
1,5    0.959546127
1,5    0.438579181
1,5    0.969906265
1,5    0.965959546
1,5    0.439565861
1,5    0.438579181
1,5    0.94375925
1,6    0.963210702
1,6    0.978499761
1,6    0.978977544
1,6    0.980410893
1,6    0.455327281
1,6    0.979455327
1,6    0.978499761
1,6    0.94266603
1,6    0.455805065
1,6    0.911132346
1,7    0.973647712
1,7    0.977346278
1,7    0.474803514
1,7    0.982431808
1,7    0.982894129
1,7    0.944521498
1,7    0.475265834
1,7    0.892741563
1,7    0.974110032
1,7    0.978733241
1,8    0.916548127
1,8    0.884779516
1,8    0.922238028
1,8    0.919867236
1,8    0.460407776
1,8    0.460881935
1,8    0.854433381
1,8    0.914177335
1,8    0.908013276
1,8    0.902797534
1,9    0.984141791
1,9    0.976679104
1,9    0.977145522
1,9    0.975746269
1,9    0.470615672
1,9    0.978544776
1,9    0.975746269
1,9    0.985074627
1,9    0.985541045
1,9    0.470615672
2,3    0.92115573
2,3    0.913320274
2,3    0.926052889
2,3    0.85553379
2,3    0.909892262
2,3    0.914299706
2,3    0.91136141
2,3    0.86777669
2,3    0.910381978
2,3    0.493633692
2,4    0.974677259
2,4    0.975173784
2,4    0.970705065
2,4    0.975173784
2,4    0.971201589
2,4    0.971698113
2,4    0.97020854
2,4    0.970705065
2,4    0.970705065
2,4    0.971698113
2,5    0.463617464
2,5    0.936590437
2,5    0.936590437
2,5    0.91995842
2,5    0.463617464
2,5    0.924116424
2,5    0.463617464
2,5    0.925155925
2,5    0.924116424
2,5    0.933991684
2,6    0.964824121
2,6    0.961809045
2,6    0.480904523
2,6    0.963316583
2,6    0.703517588
2,6    0.962311558
2,6    0.788944724
2,6    0.964321608
2,6    0.755778894
2,6    0.964321608
2,7    0.816019417
2,7    0.92961165
2,7    0.497572816
2,7    0.953883495
2,7    0.953398058
2,7    0.497087379
2,7    0.95
2,7    0.953883495
2,7    0.950970874
2,7    0.956796117
2,8    0.846959123
2,8    0.934695912
2,8    0.932701894
2,8    0.943170489
2,8    0.937188435
2,8    0.484546361
2,8    0.832502493
2,8    0.937188435
2,8    0.941674975
2,8    0.485044865
2,9    0.493875551
2,9    0.97011269
2,9    0.836844684
2,9    0.973542381
2,9    0.97011269
2,9    0.970602646
2,9    0.906418422
2,9    0.972072513
2,9    0.971582558
2,9    0.972072513
3,4    0.983433735
3,4    0.983433735
3,4    0.984939759
3,4    0.743473896
3,4    0.988453815
3,4    0.491967871
3,4    0.986947791
3,4    0.985943775
3,4    0.986947791
3,4    0.771084337
3,5    0.467928496
3,5    0.876971609
3,5    0.873817035
3,5    0.909568875
3,5    0.878548896
3,5    0.896424816
3,5    0.466876972
3,5    0.903259727
3,5    0.715036803
3,5    0.466351209
3,6    0.988821138
3,6    0.991869919
3,6    0.486788618
3,6    0.990345528
3,6    0.486788618
3,6    0.486788618
3,6    0.992886179
3,6    0.994410569
3,6    0.989329268
3,6    0.992378049
3,7    0.932777233
3,7    0.503925417
3,7    0.960255152
3,7    0.743866536
3,7    0.950441609
3,7    0.942590775
3,7    0.952894995
3,7    0.503925417
3,7    0.931795878
3,7    0.94357213
3,8    0.920866935
3,8    0.915826613
3,8    0.490927419
3,8    0.909274194
3,8    0.906754032
3,8    0.807459677
3,8    0.817540323
3,8    0.490927419
3,8    0.913810484
3,8    0.490927419
3,9    0.961862308
3,9    0.969787023
3,9    0.968301139
3,9    0.499752353
3,9    0.499752353
3,9    0.963843487
3,9    0.499752353
3,9    0.785537395
3,9    0.967805844
3,9    0.499752353
4,5    0.95357524
4,5    0.95624333
4,5    0.95624333
4,5    0.952508004
4,5    0.956776948
4,5    0.951974386
4,5    0.956776948
4,5    0.945037353
4,5    0.88153682
4,5    0.475987193
4,6    0.493814433
4,6    0.958762887
4,6    0.493814433
4,6    0.954123711
4,6    0.959278351
4,6    0.955154639
4,6    0.958762887
4,6    0.879896907
4,6    0.960309278
4,6    0.940206186
4,7    0.968656716
4,7    0.509950249
4,7    0.964676617
4,7    0.962189055
4,7    0.960199005
4,7    0.808457711
4,7    0.947263682
4,7    0.964179104
4,7    0.965174129
4,7    0.958706468
4,8    0.922290389
4,8    0.942229039
4,8    0.927402863
4,8    0.908997955
4,8    0.945296524
4,8    0.936605317
4,8    0.49795501
4,8    0.921267894
4,8    0.927402863
4,8    0.927402863
4,9    0.82370668
4,9    0.841788046
4,9    0.506278252
4,9    0.850326469
4,9    0.762430939
4,9    0.833249623
4,9    0.855851331
4,9    0.85233551
4,9    0.874434957
4,9    0.786037167
5,6    0.94972973
5,6    0.515675676
5,6    0.958918919
5,6    0.516756757
5,6    0.941081081
5,6    0.945405405
5,6    0.818918919
5,6    0.938378378
5,6    0.954054054
5,6    0.829189189
5,7    0.953125
5,7    0.9640625
5,7    0.953125
5,7    0.9609375
5,7    0.968229167
5,7    0.535416667
5,7    0.786979167
5,7    0.535416667
5,7    0.946354167
5,7    0.964583333
5,8    0.519292605
5,8    0.77545552
5,8    0.796891747
5,8    0.779742765
5,8    0.863344051
5,8    0.832261522
5,8    0.520364416
5,8    0.75187567
5,8    0.520364416
5,8    0.83494105
5,9    0.941609679
5,9    0.715412941
5,9    0.941609679
5,9    0.948448185
5,9    0.948974224
5,9    0.947922146
5,9    0.942135718
5,9    0.942135718
5,9    0.934245134
5,9    0.941609679
6,7    0.980362538
6,7    0.977844914
6,7    0.782477341
6,7    0.848439074
6,7    0.98489426
6,7    0.517623364
6,7    0.97734139
6,7    0.981369587
6,7    0.97633434
6,7    0.978851964
6,8    0.960662526
6,8    0.958074534
6,8    0.960144928
6,8    0.962215321
6,8    0.969461698
6,8    0.963250518
6,8    0.835403727
6,8    0.860766046
6,8    0.502587992
6,8    0.953933747
6,9    0.79562786
6,9    0.986781901
6,9    0.796644637
6,9    0.985256736
6,9    0.754956787
6,9    0.985256736
6,9    0.986781901
6,9    0.985256736
6,9    0.511438739
6,9    0.986781901
7,8    0.801198801
7,8    0.947052947
7,8    0.907092907
7,8    0.864635365
7,8    0.938061938
7,8    0.93956044
7,8    0.486513487
7,8    0.934565435
7,8    0.939060939
7,8    0.94005994
7,9    0.903289151
7,9    0.89592538
7,9    0.905252823
7,9    0.901816397
7,9    0.893961708
7,9    0.903289151
7,9    0.888070692
7,9    0.894943544
7,9    0.902798233
7,9    0.494845361
8,9    0.931921331
8,9    0.876449823
8,9    0.923852748
8,9    0.915784165
8,9    0.506807867
8,9    0.92788704
8,9    0.929904186
8,9    0.506807867
8,9    0.935955623
8,9    0.931417045