0,1    0.536643026
0,1    0.998108747
0,1    0.998108747
0,1    0.998108747
0,1    0.998108747
0,1    0.998108747
0,1    0.998108747
0,1    0.998108747
0,1    0.998108747
0,1    0.998108747
0,2    0.510437376
0,2    0.984095427
0,2    0.985089463
0,2    0.986580517
0,2    0.987077535
0,2    0.987077535
0,2    0.987574553
0,2    0.987574553
0,2    0.988568588
0,2    0.989065606
0,3    0.506532663
0,3    0.507035176
0,3    0.507035176
0,3    0.991959799
0,3    0.991959799
0,3    0.992964824
0,3    0.993969849
0,3    0.994472362
0,3    0.994974874
0,3    0.994974874
0,4    0.499490316
0,4    0.990316004
0,4    0.991335372
0,4    0.991335372
0,4    0.991335372
0,4    0.991335372
0,4    0.991335372
0,4    0.991845056
0,4    0.991845056
0,4    0.991845056
0,5    0.476495726
0,5    0.476495726
0,5    0.989850427
0,5    0.989850427
0,5    0.989850427
0,5    0.990384615
0,5    0.990384615
0,5    0.990918803
0,5    0.990918803
0,5    0.990918803
0,6    0.989164087
0,6    0.989164087
0,6    0.989680083
0,6    0.989680083
0,6    0.989680083
0,6    0.989680083
0,6    0.989680083
0,6    0.990196078
0,6    0.990196078
0,6    0.99122807
0,7    0.988545817
0,7    0.991533865
0,7    0.991533865
0,7    0.992031873
0,7    0.992031873
0,7    0.992031873
0,7    0.992031873
0,7    0.992031873
0,7    0.99252988
0,7    0.99252988
0,8    0.498464688
0,8    0.980040942
0,8    0.986693961
0,8    0.988229273
0,8    0.990788127
0,8    0.991299898
0,8    0.991299898
0,8    0.991811668
0,8    0.991811668
0,8    0.992323439
0,9    0.50678733
0,9    0.50678733
0,9    0.990447461
0,9    0.990447461
0,9    0.990447461
0,9    0.990950226
0,9    0.991452991
0,9    0.991955757
0,9    0.991955757
0,9    0.992458522
1,2    0.474850023
1,2    0.475311491
1,2    0.985233041
1,2    0.988001846
1,2    0.988001846
1,2    0.988463313
1,2    0.988924781
1,2    0.989386248
1,2    0.990309183
1,2    0.990309183
1,3    0.470862471
1,3    0.984149184
1,3    0.993939394
1,3    0.995337995
1,3    0.995337995
1,3    0.995804196
1,3    0.995804196
1,3    0.996270396
1,3    0.996270396
1,3    0.996270396
1,4    0.989135569
1,4    0.995276334
1,4    0.995276334
1,4    0.995748701
1,4    0.995748701
1,4    0.995748701
1,4    0.996221068
1,4    0.996221068
1,4    0.996693434
1,4    0.996693434
1,5    0.973359645
1,5    0.989639862
1,5    0.989639862
1,5    0.990133202
1,5    0.990133202
1,5    0.990626542
1,5    0.990626542
1,5    0.990626542
1,5    0.990626542
1,5    0.990626542
1,6    0.456282848
1,6    0.985188724
1,6    0.989966555
1,6    0.990444338
1,6    0.990444338
1,6    0.990444338
1,6    0.990444338
1,6    0.990444338
1,6    0.990922121
1,6    0.990922121
1,7    0.475265834
1,7    0.475265834
1,7    0.976883957
1,7    0.980582524
1,7    0.987055016
1,7    0.98936662
1,7    0.989828941
1,7    0.989828941
1,7    0.989828941
1,7    0.990291262
1,8    0.460407776
1,8    0.965386439
1,8    0.966808914
1,8    0.968231389
1,8    0.970128023
1,8    0.97961119
1,8    0.983404457
1,8    0.983404457
1,8    0.983404457
1,8    0.984826932
1,9    0.470615672
1,9    0.470615672
1,9    0.984608209
1,9    0.994402985
1,9    0.994869403
1,9    0.994869403
1,9    0.995335821
1,9    0.995335821
1,9    0.995335821
1,9    0.995335821
2,3    0.494123408
2,3    0.966699314
2,3    0.97208619
2,3    0.973065622
2,3    0.973065622
2,3    0.973065622
2,3    0.973555338
2,3    0.973555338
2,3    0.975024486
2,3    0.975514202
2,4    0.48510427
2,4    0.48510427
2,4    0.969215492
2,4    0.978649454
2,4    0.978649454
2,4    0.978649454
2,4    0.979145978
2,4    0.979145978
2,4    0.979145978
2,4    0.979642502
2,5    0.463617464
2,5    0.977130977
2,5    0.977650728
2,5    0.981288981
2,5    0.983367983
2,5    0.983367983
2,5    0.983887734
2,5    0.983887734
2,5    0.984927235
2,5    0.984927235
2,6    0.479899497
2,6    0.973366834
2,6    0.98241206
2,6    0.983417085
2,6    0.984422111
2,6    0.984422111
2,6    0.985427136
2,6    0.985929648
2,6    0.985929648
2,6    0.986432161
2,7    0.497572816
2,7    0.964563107
2,7    0.975242718
2,7    0.975242718
2,7    0.975242718
2,7    0.976699029
2,7    0.976699029
2,7    0.976699029
2,7    0.976699029
2,7    0.977669903
2,8    0.485044865
2,8    0.48554337
2,8    0.972083749
2,8    0.974077767
2,8    0.974077767
2,8    0.976071785
2,8    0.976071785
2,8    0.977567298
2,8    0.978065803
2,8    0.978564307
2,9    0.492895639
2,9    0.492895639
2,9    0.975502205
2,9    0.979421852
2,9    0.982851543
2,9    0.983341499
2,9    0.983831455
2,9    0.983831455
2,9    0.984321411
2,9    0.984321411
3,4    0.491967871
3,4    0.989457831
3,4    0.989457831
3,4    0.989959839
3,4    0.990461847
3,4    0.990461847
3,4    0.990461847
3,4    0.990461847
3,4    0.991465863
3,4    0.991465863
3,5    0.466351209
3,5    0.466876972
3,5    0.468454259
3,5    0.937960042
3,5    0.958464774
3,5    0.958464774
3,5    0.958990536
3,5    0.958990536
3,5    0.960042061
3,5    0.960567823
3,6    0.486788618
3,6    0.486788618
3,6    0.994410569
3,6    0.994410569
3,6    0.994918699
3,6    0.994918699
3,6    0.994918699
3,6    0.994918699
3,6    0.995426829
3,6    0.995426829
3,7    0.503925417
3,7    0.503925417
3,7    0.978410206
3,7    0.97939156
3,7    0.980372915
3,7    0.980863592
3,7    0.981354269
3,7    0.981844946
3,7    0.981844946
3,7    0.982335623
3,8    0.490927419
3,8    0.959677419
3,8    0.961693548
3,8    0.96875
3,8    0.969758065
3,8    0.971270161
3,8    0.971774194
3,8    0.971774194
3,8    0.971774194
3,8    0.97328629
3,9    0.499752353
3,9    0.980188212
3,9    0.980683507
3,9    0.980683507
3,9    0.981178801
3,9    0.981178801
3,9    0.981674096
3,9    0.981674096
3,9    0.982664685
3,9    0.982664685
4,5    0.475453575
4,5    0.98719317
4,5    0.990394877
4,5    0.990394877
4,5    0.991462113
4,5    0.991462113
4,5    0.991462113
4,5    0.993062967
4,5    0.993062967
4,5    0.993062967
4,6    0.493298969
4,6    0.493298969
4,6    0.493298969
4,6    0.493814433
4,6    0.493814433
4,6    0.986082474
4,6    0.986082474
4,6    0.986082474
4,6    0.987113402
4,6    0.987628866
4,7    0.509950249
4,7    0.510447761
4,7    0.978109453
4,7    0.978606965
4,7    0.980099502
4,7    0.980099502
4,7    0.980597015
4,7    0.980597015
4,7    0.981094527
4,7    0.98159204
4,8    0.49795501
4,8    0.974437628
4,8    0.989263804
4,8    0.989263804
4,8    0.989263804
4,8    0.989775051
4,8    0.989775051
4,8    0.989775051
4,8    0.989775051
4,8    0.990797546
4,9    0.929683576
4,9    0.959316926
4,9    0.960823707
4,9    0.961325967
4,9    0.961325967
4,9    0.962330487
4,9    0.962330487
4,9    0.962832747
4,9    0.964339528
4,9    0.965846308
5,6    0.963783784
5,6    0.967567568
5,6    0.974594595
5,6    0.974594595
5,6    0.975675676
5,6    0.976216216
5,6    0.976216216
5,6    0.976216216
5,6    0.976756757
5,6    0.976756757
5,7    0.991145833
5,7    0.991145833
5,7    0.991145833
5,7    0.991666667
5,7    0.991666667
5,7    0.991666667
5,7    0.992708333
5,7    0.992708333
5,7    0.992708333
5,7    0.993229167
5,8    0.959807074
5,8    0.968917471
5,8    0.969989282
5,8    0.969989282
5,8    0.973204716
5,8    0.973204716
5,8    0.973204716
5,8    0.973204716
5,8    0.974276527
5,8    0.974812433
5,9    0.976328248
5,9    0.976854287
5,9    0.977380326
5,9    0.977380326
5,9    0.977906365
5,9    0.977906365
5,9    0.977906365
5,9    0.978432404
5,9    0.978958443
5,9    0.978958443
6,7    0.517623364
6,7    0.517623364
6,7    0.517623364
6,7    0.517623364
6,7    0.988922457
6,7    0.995971803
6,7    0.995971803
6,7    0.995971803
6,7    0.995971803
6,7    0.996475327
6,8    0.502070393
6,8    0.983954451
6,8    0.98447205
6,8    0.98447205
6,8    0.98447205
6,8    0.984989648
6,8    0.984989648
6,8    0.984989648
6,8    0.984989648
6,8    0.985507246
6,9    0.510421962
6,9    0.511438739
6,9    0.983223183
6,9    0.987798678
6,9    0.987798678
6,9    0.988307067
6,9    0.988307067
6,9    0.988307067
6,9    0.988307067
6,9    0.988815455
7,8    0.486513487
7,8    0.486513487
7,8    0.97002997
7,8    0.977522478
7,8    0.978021978
7,8    0.978521479
7,8    0.979020979
7,8    0.97952048
7,8    0.980519481
7,8    0.980519481
7,9    0.494354443
7,9    0.938635248
7,9    0.957290133
7,9    0.957781051
7,9    0.957781051
7,9    0.958271969
7,9    0.960235641
7,9    0.962199313
7,9    0.963672067
7,9    0.964162985
8,9    0.505799294
8,9    0.50630358
8,9    0.507312153
8,9    0.968229955
8,9    0.968229955
8,9    0.970751387
8,9    0.971255673
8,9    0.971255673
8,9    0.972264246
8,9    0.972264246